version https://git-lfs.github.com/spec/v1
oid sha256:c666303ccd1804ac08595aa42749883191b244d287bffb8fa609bbc59c2c5229
size 19532
