version https://git-lfs.github.com/spec/v1
oid sha256:3df001da5402e1782e7cf535f133f1a80812eab3ff1a78f7ef8cf3e01b1b7ea6
size 8363
