version https://git-lfs.github.com/spec/v1
oid sha256:24d4517f9f99ae1dd356f55a3ac3df16eb8b70c0ff3f5bf48b26e79ba0c228df
size 6895
